|0125|
|0127|
|0128|
|0133|
|0135|
|0136|
|0137|
|0138|
|0139|
|0141|
|0144|
|0145|
|0148|
|0150|
|0153|
|0155|
|0159|
|0167|
|0168|
|0169|
|0189|
|0190|
|0191|
|0197|
|0198|
|0199|
|0200|
|0202|
|0203|
|0205|
|0206|
|0207|
|0208|
|0213|
|0215|
|0217|
|0224|
|0225|
|0226|
|0229|
|0230|
|0231|
|0232|
|0235|
|0236|
|0238|
|0239|
|0242|
|0271|
|0278|
|0283|
|0287|
|0295|
|0296|
|0297|
|0310|
|0316|
|0322|
|0332|
|0338|
|0341|
|0342|
|0343|
|0344|
|0346|
|0347|
|0350|
|0358|
|0377|
|0383|
|0389|
|0392|
|0403|
|0409|
|0416|
|0438|
|0439|
|0456|
|0458|
|0459|
|0486|
|0487|
|0490|
|0501|
|0505|
|0509|
|0515|
|0518|
|0532|
|0540|
|0542|
|0543|
|0557|
|0561|
|0566|
|0567|
|0573|
|0584|
|0595|
|0606|
|0617|
|0621|
|0624|
|0646|
|0653|
|0658|
|0661|
|0664|
|0695|
|0700|
|0701|
|0704|
|0706|
|0712|
|0721|
|0723|
|0725|
|0733|
|0739|
|0746|
|0767|
|0779|
|0784|
|0799|
|0808|
|0815|
|0823|
|0844|
|0847|
|0852|
|0867|
|0875|
|0876|
|0880|
|0888|
|0894|
|0896|
|0905|
|0920|
|0935|
|0973|
|0977|
|0981|
|0994|
|1048|
|1057|
|1060|
|1063|
|1071|
|1095|
|1099|
|1120|
|1136|
|1137|
|1148|
|1155|
|1160|
|1183|
|1197|
|1199|
|1203|
|1216|
|1220|
|1235|
|1265|
|1266|
|1269|
|1282|
|1287|
|1326|
|1335|
|1337|
|1356|
|1359|
|1361|
|1420|
|1422|
|1424|
|1425|
|1436|
|1441|
|1458|
|1464|
|1470|
|1489|
|1496|
|1503|
|1512|
|1531|
|1535|
|1561|
|1578|
|1582|
|1584|
|1611|
|1615|
|1630|
|1631|
|1637|
|1647|
|1658|
|1660|
|1662|
|1683|
|1685|
|1688|
|1716|
|1727|
|1743|
|1757|
|1758|
|1759|
|1793|
|1802|
|1804|
|1814|
|1838|
|1845|
|1846|
|1870|
|1877|
|1887|
|1897|
|1903|
|1913|
|1920|
|1921|
|1930|
|1980|
|2009|
|2038|
|2050|
|2141|
|2147|
|2251|
|2264|
|2265|
|2353|
|2355|
|2361|
|2366|
|2369|
|2391|
|2393|
|2433|
|2482|
|2483|
|2616|
|2618|
|2619|
|2620|
|2621|
|2622|
|2623|
|2624|
|2625|
|2626|
|2627|
|2628|
|2629|
|2630|
|2631|
|2632|
|2633|
|2634|
|2635|
|2636|
|2637|
|2642|
|2648|
|2649|
|2650|
|2665|
|2666|
|2667|
|2675|
|2676|
|2677|
|2690|
|2692|
|2694|
|2695|
|2703|
|2704|
|2705|
|2706|
|2707|
|2715|
|2721|
|2722|
|2723|
|2724|
|2725|
|2726|
|2727|
|2742|
|2762|
|2778|
|2785|
|2788|
|2789|
|2798|
|2806|
|2807|
|2810|
|2811|
|2824|
|2825|
|2833|
|2834|
|2849|